0	0
1	49
2	99
3	149
4	199
5	249
6	299
7	349
8	399
9	449
10	499
11	549
12	599
13	649
14	698
15	748
16	798
17	847
18	897
19	947
20	996
21	1046
22	1095
23	1144
24	1194
25	1243
26	1292
27	1341
28	1390
29	1439
30	1488
31	1537
32	1586
33	1635
34	1683
35	1732
36	1780
37	1829
38	1877
39	1925
40	1973
41	2021
42	2069
43	2117
44	2165
45	2212
46	2260
47	2307
48	2354
49	2402
50	2449
51	2496
52	2542
53	2589
54	2636
55	2682
56	2729
57	2775
58	2821
59	2867
60	2913
61	2958
62	3004
63	3049
64	3095
65	3140
66	3185
67	3230
68	3274
69	3319
70	3363
71	3408
72	3452
73	3496
74	3539
75	3583
76	3627
77	3670
78	3713
79	3756
80	3799
81	3842
82	3884
83	3927
84	3969
85	4011
86	4053
87	4094
88	4136
89	4177
90	4218
91	4260
92	4300
93	4341
94	4381
95	4422
96	4462
97	4502
98	4542
99	4581
100	4621
101	4660
102	4699
103	4738
104	4777
105	4815
106	4853
107	4891
108	4929
109	4967
110	5005
111	5042
112	5079
113	5116
114	5153
115	5190
116	5226
117	5262
118	5298
119	5334
120	5370
121	5405
122	5441
123	5476
124	5511
125	5545
126	5580
127	5614
128	5648
129	5682
130	5716
131	5750
132	5783
133	5816
134	5849
135	5882
136	5915
137	5947
138	5979
139	6011
140	6043
141	6075
142	6106
143	6138
144	6169
145	6199
146	6230
147	6261
148	6291
149	6321
150	6351
151	6381
152	6410
153	6440
154	6469
155	6498
156	6527
157	6555
158	6584
159	6612
160	6640
161	6668
162	6695
163	6723
164	6750
165	6777
166	6804
167	6831
168	6858
169	6884
170	6910
171	6936
172	6962
173	6988
174	7013
175	7039
176	7064
177	7089
178	7113
179	7138
180	7162
181	7187
182	7211
183	7235
184	7258
185	7282
186	7305
187	7329
188	7352
189	7375
190	7397
191	7420
192	7442
193	7464
194	7487
195	7508
196	7530
197	7552
198	7573
199	7594
200	7615
201	7636
202	7657
203	7678
204	7698
205	7718
206	7739
207	7759
208	7778
209	7798
210	7818
211	7837
212	7856
213	7875
214	7894
215	7913
216	7931
217	7950
218	7968
219	7986
220	8004
221	8022
222	8040
223	8058
224	8075
225	8093
226	8110
227	8127
228	8144
229	8160
230	8177
231	8194
232	8210
233	8226
234	8242
235	8258
236	8274
237	8290
238	8305
239	8321
240	8336
241	8351
242	8366
243	8381
244	8396
245	8411
246	8425
247	8440
248	8454
249	8468
250	8482
251	8496
252	8510
253	8524
254	8537
255	8551
256	8564
257	8578
258	8591
259	8604
260	8617
261	8630
262	8642
263	8655
264	8667
265	8680
266	8692
267	8704
268	8716
269	8728
270	8740
271	8752
272	8763
273	8775
274	8786
275	8798
276	8809
277	8820
278	8831
279	8842
280	8853
281	8864
282	8874
283	8885
284	8895
285	8906
286	8916
287	8926
288	8936
289	8946
290	8956
291	8966
292	8976
293	8986
294	8995
295	9005
296	9014
297	9024
298	9033
299	9042
300	9051
301	9060
302	9069
303	9078
304	9086
305	9095
306	9104
307	9112
308	9121
309	9129
310	9137
311	9146
312	9154
313	9162
314	9170
315	9178
316	9186
317	9193
318	9201
319	9209
320	9216
321	9224
322	9231
323	9238
324	9246
325	9253
326	9260
327	9267
328	9274
329	9281
330	9288
331	9295
332	9302
333	9308
334	9315
335	9322
336	9328
337	9335
338	9341
339	9347
340	9354
341	9360
342	9366
343	9372
344	9378
345	9384
346	9390
347	9396
348	9402
349	9408
350	9413
351	9419
352	9425
353	9430
354	9436
355	9441
356	9446
357	9452
358	9457
359	9462
360	9468
361	9473
362	9478
363	9483
364	9488
365	9493
366	9498
367	9503
368	9507
369	9512
370	9517
371	9522
372	9526
373	9531
374	9535
375	9540
376	9544
377	9549
378	9553
379	9558
380	9562
381	9566
382	9570
383	9575
384	9579
385	9583
386	9587
387	9591
388	9595
389	9599
390	9603
391	9607
392	9610
393	9614
394	9618
395	9622
396	9625
397	9629
398	9633
399	9636
400	9640
401	9643
402	9647
403	9650
404	9654
405	9657
406	9660
407	9664
408	9667
409	9670
410	9673
411	9677
412	9680
413	9683
414	9686
415	9689
416	9692
417	9695
418	9698
419	9701
420	9704
421	9707
422	9710
423	9713
424	9715
425	9718
426	9721
427	9724
428	9726
429	9729
430	9732
431	9734
432	9737
433	9740
434	9742
435	9745
436	9747
437	9750
438	9752
439	9755
440	9757
441	9759
442	9762
443	9764
444	9766
445	9769
446	9771
447	9773
448	9775
449	9778
450	9780
451	9782
452	9784
453	9786
454	9788
455	9790
456	9792
457	9794
458	9796
459	9798
460	9800
461	9802
462	9804
463	9806
464	9808
465	9810
466	9812
467	9814
468	9816
469	9817
470	9819
471	9821
472	9823
473	9825
474	9826
475	9828
476	9830
477	9831
478	9833
479	9835
480	9836
481	9838
482	9839
483	9841
484	9843
485	9844
486	9846
487	9847
488	9849
489	9850
490	9852
491	9853
492	9855
493	9856
494	9857
495	9859
496	9860
497	9862
498	9863
499	9864
500	9866
501	9867
502	9868
503	9870
504	9871
505	9872
506	9873
507	9875
508	9876
509	9877
510	9878
511	9880
512	9881
513	9882
514	9883
515	9884
516	9885
517	9886
518	9888
519	9889
520	9890
521	9891
522	9892
523	9893
524	9894
525	9895
526	9896
527	9897
528	9898
529	9899
530	9900
531	9901
532	9902
533	9903
534	9904
535	9905
536	9906
537	9907
538	9908
539	9909
540	9910
541	9910
542	9911
543	9912
544	9913
545	9914
546	9915
547	9916
548	9916
549	9917
550	9918
551	9919
552	9920
553	9920
554	9921
555	9922
556	9923
557	9924
558	9924
559	9925
560	9926
561	9927
562	9927
563	9928
564	9929
565	9929
566	9930
567	9931
568	9931
569	9932
570	9933
571	9933
572	9934
573	9935
574	9935
575	9936
576	9937
577	9937
578	9938
579	9939
580	9939
581	9940
582	9940
583	9941
584	9941
585	9942
586	9943
587	9943
588	9944
589	9944
590	9945
591	9945
592	9946
593	9946
594	9947
595	9948
596	9948
597	9949
598	9949
599	9950
600	9950
601	9951
602	9951
603	9952
604	9952
605	9952
606	9953
607	9953
608	9954
609	9954
610	9955
611	9955
612	9956
613	9956
614	9956
615	9957
616	9957
617	9958
618	9958
619	9959
620	9959
621	9959
622	9960
623	9960
624	9961
625	9961
626	9961
627	9962
628	9962
629	9962
630	9963
631	9963
632	9964
633	9964
634	9964
635	9965
636	9965
637	9965
638	9966
639	9966
640	9966
641	9967
642	9967
643	9967
644	9968
645	9968
646	9968
647	9969
648	9969
649	9969
650	9969
651	9970
652	9970
653	9970
654	9971
655	9971
656	9971
657	9972
658	9972
659	9972
660	9972
661	9973
662	9973
663	9973
664	9973
665	9974
666	9974
667	9974
668	9974
669	9975
670	9975
671	9975
672	9975
673	9976
674	9976
675	9976
676	9976
677	9977
678	9977
679	9977
680	9977
681	9977
682	9978
683	9978
684	9978
685	9978
686	9979
687	9979
688	9979
689	9979
690	9979
691	9980
692	9980
693	9980
694	9980
695	9980
696	9981
697	9981
698	9981
699	9981
700	9981
701	9981
702	9982
703	9982
704	9982
705	9982
706	9982
707	9983
708	9983
709	9983
710	9983
711	9983
712	9983
713	9983
714	9984
715	9984
716	9984
717	9984
718	9984
719	9984
720	9985
721	9985
722	9985
723	9985
724	9985
725	9985
726	9985
727	9986
728	9986
729	9986
730	9986
731	9986
732	9986
733	9986
734	9987
735	9987
736	9987
737	9987
738	9987
739	9987
740	9987
741	9987
742	9988
743	9988
744	9988
745	9988
746	9988
747	9988
748	9988
749	9988
750	9988
751	9989
752	9989
753	9989
754	9989
755	9989
756	9989
757	9989
758	9989
759	9989
760	9989
761	9990
762	9990
763	9990
764	9990
765	9990
766	9990
767	9990
768	9990
769	9990
770	9990
771	9991
772	9991
773	9991
774	9991
775	9991
776	9991
777	9991
778	9991
779	9991
780	9991
781	9991
782	9991
783	9992
784	9992
785	9992
786	9992
787	9992
788	9992
789	9992
790	9992
791	9992
792	9992
793	9992
794	9992
795	9992
796	9993
797	9993
798	9993
799	9993
800	9993
801	9993
802	9993
803	9993
804	9993
805	9993
806	9993
807	9993
808	9993
809	9993
810	9993
811	9993
812	9994
813	9994
814	9994
815	9994
816	9994
817	9994
818	9994
819	9994
820	9994
821	9994
822	9994
823	9994
824	9994
825	9994
826	9994
827	9994
828	9994
829	9994
830	9995
831	9995
832	9995
833	9995
834	9995
835	9995
836	9995
837	9995
838	9995
839	9995
840	9995
841	9995
842	9995
843	9995
844	9995
845	9995
846	9995
847	9995
848	9995
849	9995
850	9995
851	9995
852	9996
853	9996
854	9996
855	9996
856	9996
857	9996
858	9996
859	9996
860	9996
861	9996
862	9996
863	9996
864	9996
865	9996
866	9996
867	9996
868	9996
869	9996
870	9996
871	9996
872	9996
873	9996
874	9996
875	9996
876	9996
877	9996
878	9996
879	9996
880	9996
881	9997
882	9997
883	9997
884	9997
885	9997
886	9997
887	9997
888	9997
889	9997
890	9997
891	9997
892	9997
893	9997
894	9997
895	9997
896	9997
897	9997
898	9997
899	9997
900	9997
901	9997
902	9997
903	9997
904	9997
905	9997
906	9997
907	9997
908	9997
909	9997
910	9997
911	9997
912	9997
913	9997
914	9997
915	9997
916	9997
917	9997
918	9997
919	9997
920	9997
921	9997
922	9998
923	9998
924	9998
925	9998
926	9998
927	9998
928	9998
929	9998
930	9998
931	9998
932	9998
933	9998
934	9998
935	9998
936	9998
937	9998
938	9998
939	9998
940	9998
941	9998
942	9998
943	9998
944	9998
945	9998
946	9998
947	9998
948	9998
949	9998
950	9998
951	9998
952	9998
953	9998
954	9998
955	9998
956	9998
957	9998
958	9998
959	9998
960	9998
961	9998
962	9998
963	9998
964	9998
965	9998
966	9998
967	9998
968	9998
969	9998
970	9998
971	9998
972	9998
973	9998
974	9998
975	9998
976	9998
977	9998
978	9998
979	9998
980	9998
981	9998
982	9998
983	9998
984	9998
985	9998
986	9998
987	9998
988	9998
989	9998
990	9998
991	9999
992	9999
993	9999
994	9999
995	9999
996	9999
997	9999
998	9999
999	9999
